ENST00000346333	ENSG00000158483	396	100.00	1
ENST00000346333	ENSG00000158483	96	0	96	6027	6123	1.00	
ENST00000346333	ENSG00000158483	63	96	159	8273	8336	1.00	
ENST00000346333	ENSG00000158483	150	159	309	14507	14657	1.00	
ENST00000346333	ENSG00000158483	87	309	396	18051	18138	1.00	

ENST00000359244	ENSG00000158483	498	100.00	1
ENST00000359244	ENSG00000158483	96	0	96	6027	6123	1.00	
ENST00000359244	ENSG00000158483	63	96	159	8273	8336	1.00	
ENST00000359244	ENSG00000158483	102	159	261	11870	11972	1.00	
ENST00000359244	ENSG00000158483	150	261	411	14507	14657	1.00	
ENST00000359244	ENSG00000158483	87	411	498	18051	18138	1.00	

ENST00000426628	ENSG00000158483	477	100.00	1
ENST00000426628	ENSG00000158483	96	0	96	6027	6123	1.00	
ENST00000426628	ENSG00000158483	63	96	159	8273	8336	1.00	
ENST00000426628	ENSG00000158483	81	159	240	10229	10310	1.00	
ENST00000426628	ENSG00000158483	150	240	390	14507	14657	1.00	
ENST00000426628	ENSG00000158483	87	390	477	18051	18138	1.00	

ENST00000448228	ENSG00000158483	891	100.00	2
ENST00000448228	ENSG00000158483	96	0	96	6027	6123	0.91	
ENST00000448228	ENSG00000158483	63	96	159	8273	8336	0.98	
ENST00000448228	ENSG00000158483	81	159	240	10229	10310	0.98	
ENST00000448228	ENSG00000158483	134	240	374	13199	13333	0.93	
ENST00000448228	ENSG00000158483	266	374	640	13415	13681	0.93	
ENST00000448228	ENSG00000158483	150	640	790	14507	14657	0.93	
ENST00000448228	ENSG00000158483	101	790	891	18051	18152	0.94	

ENST00000533852	ENSG00000158483	993	100.00	2
ENST00000533852	ENSG00000158483	96	0	96	6027	6123	0.91	
ENST00000533852	ENSG00000158483	63	96	159	8273	8336	0.98	
ENST00000533852	ENSG00000158483	81	159	240	10229	10310	0.98	
ENST00000533852	ENSG00000158483	102	240	342	11870	11972	0.92	
ENST00000533852	ENSG00000158483	134	342	476	13199	13333	0.93	
ENST00000533852	ENSG00000158483	266	476	742	13415	13681	0.93	
ENST00000533852	ENSG00000158483	150	742	892	14507	14657	0.93	
ENST00000533852	ENSG00000158483	101	892	993	18051	18152	0.94	

ENST00000534520	ENSG00000158483	462	100.00	3
ENST00000534520	ENSG00000158483	96	0	96	6027	6123	0.91	
ENST00000534520	ENSG00000158483	63	96	159	8273	8336	0.98	
ENST00000534520	ENSG00000158483	81	159	240	10229	10310	0.98	
ENST00000534520	ENSG00000158483	134	240	374	13199	13333	0.93	
ENST00000534520	ENSG00000158483	88	374	462	14507	14595	0.97

ENST00000533513	ENSG00000158483	480	100.00	2
ENST00000533513	ENSG00000158483	96	0	96	6027	6123	0.91	
ENST00000533513	ENSG00000158483	63	96	159	8273	8336	0.98	
ENST00000533513	ENSG00000158483	81	159	240	10229	10310	0.98	
ENST00000533513	ENSG00000158483	102	240	342	11870	11972	0.92	
ENST00000533513	ENSG00000158483	138	342	480	13199	13337	0.93			

ENST00000346333	ENSG00000186523	396	100.00	2
ENST00000346333	ENSG00000186523	96	0	96	6063	6159	0.91	
ENST00000346333	ENSG00000186523	63	96	159	8292	8355	0.98	
ENST00000346333	ENSG00000186523	150	159	309	14608	14758	0.93	
ENST00000346333	ENSG00000186523	87	309	396	16427	16514	0.93	

ENST00000359244	ENSG00000186523	498	100.00	2
ENST00000359244	ENSG00000186523	96	0	96	6063	6159	0.91	
ENST00000359244	ENSG00000186523	63	96	159	8292	8355	0.98	
ENST00000359244	ENSG00000186523	102	159	261	11960	12062	0.92	
ENST00000359244	ENSG00000186523	150	261	411	14608	14758	0.93	
ENST00000359244	ENSG00000186523	87	411	498	16427	16514	0.93	

ENST00000426628	ENSG00000186523	477	100.00	2
ENST00000426628	ENSG00000186523	96	0	96	6063	6159	0.91	
ENST00000426628	ENSG00000186523	63	96	159	8292	8355	0.98	
ENST00000426628	ENSG00000186523	81	159	240	10245	10326	0.98	
ENST00000426628	ENSG00000186523	150	240	390	14608	14758	0.93	
ENST00000426628	ENSG00000186523	87	390	477	16427	16514	0.93	

ENST00000448228	ENSG00000186523	891	100.00	1
ENST00000448228	ENSG00000186523	96	0	96	6063	6159	1.00	
ENST00000448228	ENSG00000186523	63	96	159	8292	8355	1.00	
ENST00000448228	ENSG00000186523	81	159	240	10245	10326	1.00	
ENST00000448228	ENSG00000186523	134	240	374	13300	13434	1.00	
ENST00000448228	ENSG00000186523	266	374	640	13516	13782	1.00	
ENST00000448228	ENSG00000186523	150	640	790	14608	14758	1.00	
ENST00000448228	ENSG00000186523	101	790	891	16427	16528	1.00	

ENST00000533852	ENSG00000186523	993	100.00	1
ENST00000533852	ENSG00000186523	96	0	96	6063	6159	1.00	
ENST00000533852	ENSG00000186523	63	96	159	8292	8355	1.00	
ENST00000533852	ENSG00000186523	81	159	240	10245	10326	1.00	
ENST00000533852	ENSG00000186523	102	240	342	11960	12062	1.00	
ENST00000533852	ENSG00000186523	134	342	476	13300	13434	1.00	
ENST00000533852	ENSG00000186523	266	476	742	13516	13782	1.00	
ENST00000533852	ENSG00000186523	150	742	892	14608	14758	1.00	
ENST00000533852	ENSG00000186523	101	892	993	16427	16528	1.00	

ENST00000534520	ENSG00000186523	462	100.00	1
ENST00000534520	ENSG00000186523	96	0	96	6063	6159	1.00	
ENST00000534520	ENSG00000186523	63	96	159	8292	8355	1.00	
ENST00000534520	ENSG00000186523	81	159	240	10245	10326	1.00	
ENST00000534520	ENSG00000186523	134	240	374	13300	13434	1.00	
ENST00000534520	ENSG00000186523	88	374	462	14608	14696	1.00

ENST00000533513	ENSG00000186523	480	100.00	1
ENST00000533513	ENSG00000186523	96	0	96	6063	6159	1.00	
ENST00000533513	ENSG00000186523	63	96	159	8292	8355	1.00	
ENST00000533513	ENSG00000186523	81	159	240	10245	10326	1.00	
ENST00000533513	ENSG00000186523	102	240	342	11960	12062	1.00	
ENST00000533513	ENSG00000186523	138	342	480	13300	13438	1.00		

